,load_percent,load_percent,load_percent,load_percent,load_percent,room_coast_mean,room_coast_mean,room_coast_mean,room_coast_mean,room_coast_mean,room_profit_mean,room_profit_mean,room_profit_mean,room_profit_mean,room_profit_mean,rooms_per_day,rooms_per_day,rooms_per_day,rooms_per_day,rooms_per_day,profit,profit,profit,profit,profit,guests,guests,guests,guests,guests
Показатель,stn_2p,comf_2p,imcomf_2p,fam_3p,fam_4p,stn_2p,comf_2p,imcomf_2p,fam_3p,fam_4p,stn_2p,comf_2p,imcomf_2p,fam_3p,fam_4p,stn_2p,comf_2p,imcomf_2p,fam_3p,fam_4p,stn_2p,comf_2p,imcomf_2p,fam_3p,fam_4p,stn_2p,comf_2p,imcomf_2p,fam_3p,fam_4p
2023-06-01,7.3,4.8,21.7,0.5,1.7,2190.91,2310.0,2245.38,2750.0,2966.67,160.67,110.0,486.5,14.1,49.44,0.4,0.3,0.9,0.1,0.1,24100.0,23100.0,58380.0,5500.0,8900.0,13.0,4.0,9.0,4.0,7.0
2023-07-01,80.0,69.6,83.9,53.1,39.2,2367.69,2404.27,2449.97,3045.34,3514.42,1894.15,1673.02,2054.81,1617.13,1379.32,4.0,4.9,3.4,6.9,2.4,293594.0,363045.16,254797.0,651703.75,256553.0,58.0,63.0,35.0,122.0,78.0
2023-08-01,51.0,53.0,78.2,33.0,53.8,2494.8,2523.97,2607.93,3191.17,3974.67,1271.54,1337.59,2040.07,1053.16,2136.92,2.5,3.7,3.1,4.3,3.2,197089.0,290257.0,252968.75,424425.0,397466.67,39.0,50.0,32.0,58.0,58.0
2023-09-01,15.3,25.7,27.5,3.6,0.6,2229.22,2445.93,2495.67,2735.71,2900.0,341.81,628.95,686.31,98.21,16.11,0.8,1.8,1.1,0.5,0.0,51272.0,132080.0,82357.0,38300.0,2900.0,13.0,24.0,15.0,13.0,4.0
2024-06-01,34.0,13.3,21.7,4.4,8.9,2260.78,2357.14,2342.31,2438.65,3054.25,768.67,314.29,507.5,106.3,271.49,1.7,0.9,0.9,0.6,0.5,115299.97,66000.0,60900.0,41457.0,48868.0,17.0,18.0,12.0,17.0,24.0
2024-07-01,82.6,85.3,91.9,83.8,84.4,2413.91,2428.15,2662.19,2894.02,3380.59,1993.42,2070.08,2447.5,2424.92,2853.51,4.1,6.0,3.7,10.8,5.1,308980.0,449207.01,303490.0,972391.05,530753.34,50.0,69.0,38.0,174.0,133.0
2024-08-01,89.7,94.5,93.4,91.6,82.3,2499.12,2386.83,2527.1,2935.55,3557.51,2241.15,2254.84,2360.02,2687.88,2926.34,4.5,6.6,3.6,11.9,4.9,347378.17,489300.38,285562.23,1083216.44,544298.39,52.0,93.0,35.0,219.0,137.0
2024-09-01,52.0,39.5,58.2,21.4,15.8,2134.53,2250.26,2196.32,2578.96,1463.0,1109.95,889.93,1277.45,550.92,231.49,2.6,2.3,1.9,2.3,0.8,166493.0,157518.0,125190.0,177948.0,36575.0,49.0,38.0,31.0,51.0,12.0
