,load_percent,load_percent,load_percent,load_percent,load_percent,load_percent,load_percent,load_percent,room_coast_mean,room_coast_mean,room_coast_mean,room_coast_mean,room_coast_mean,room_coast_mean,room_coast_mean,room_coast_mean,room_profit_mean,room_profit_mean,room_profit_mean,room_profit_mean,room_profit_mean,room_profit_mean,room_profit_mean,room_profit_mean,rooms_per_day,rooms_per_day,rooms_per_day,rooms_per_day,rooms_per_day,rooms_per_day,rooms_per_day,rooms_per_day,profit,profit,profit,profit,profit,profit,profit,profit,guests,guests,guests,guests,guests,guests,guests,guests
Показатель,N1,N2,N3,N4,N5,N6,N7,N8,N1,N2,N3,N4,N5,N6,N7,N8,N1,N2,N3,N4,N5,N6,N7,N8,N1,N2,N3,N4,N5,N6,N7,N8,N1,N2,N3,N4,N5,N6,N7,N8,N1,N2,N3,N4,N5,N6,N7,N8
2023-06-01,76.7,3.3,43.3,40.0,23.3,30.0,16.7,26.7,7683.23,5000.0,5611.54,4000.0,6000.0,3888.89,8000.0,4500.0,5890.48,166.67,2431.67,1600.0,1400.0,1166.67,1333.33,1200.0,0.8,0.0,0.4,0.4,0.2,0.3,0.2,0.3,176714.26,5000.0,72950.0,48000.0,42000.0,35000.0,40000.0,36000.0,6.0,1.0,5.0,1.0,4.0,4.0,6.0,3.0
2023-07-01,77.4,54.8,83.9,93.5,77.4,64.5,83.9,71.0,11125.0,5352.94,7653.85,1494.83,6854.17,4887.5,9859.62,5427.27,8612.9,2935.48,6419.35,1398.39,5306.45,3153.23,8269.36,3851.61,0.8,0.5,0.8,0.9,0.8,0.6,0.8,0.7,267000.0,91000.0,199000.0,43350.0,164500.0,97750.0,256350.03,119400.0,6.0,11.0,10.0,5.0,9.0,9.0,13.0,16.0
2023-08-01,87.1,41.9,74.2,90.3,41.9,51.6,61.3,54.8,10518.52,6423.08,7021.74,714.29,6548.08,5062.5,9388.16,5288.24,9161.29,2693.55,5209.68,645.16,2745.97,2612.9,5754.03,2900.0,0.9,0.4,0.7,0.9,0.4,0.5,0.6,0.5,284000.0,83500.0,161500.0,20000.0,85125.0,81000.0,178375.0,89900.0,12.0,7.0,10.0,5.0,8.0,11.0,16.0,8.0
2023-09-01,70.0,56.7,33.3,26.7,23.3,50.0,53.3,23.3,4309.52,4211.76,3200.0,1875.0,4357.14,3433.33,5031.25,1000.0,3016.67,2386.67,1066.67,500.0,1016.67,1716.67,2683.33,233.33,0.7,0.6,0.3,0.3,0.2,0.5,0.5,0.2,90500.0,71600.0,32000.0,15000.0,30500.0,51500.0,80500.0,7000.0,11.0,4.0,6.0,4.0,7.0,8.0,11.0,3.0
2024-06-01,93.3,66.7,86.7,50.0,63.3,56.7,93.3,63.3,7842.86,5300.0,1653.85,0.0,3789.47,3529.41,7801.37,4368.42,7320.0,3533.33,1433.33,0.0,2400.0,2000.0,7281.28,2766.67,0.9,0.7,0.9,0.5,0.6,0.6,0.9,0.6,219600.0,106000.0,43000.0,0.0,72000.0,60000.0,218438.44,83000.0,16.0,11.0,8.0,3.0,6.0,4.0,22.0,5.0
2024-07-01,90.3,87.1,90.3,93.5,90.3,100.0,80.6,90.3,11142.86,6351.85,0.0,206.9,7232.14,0.0,10082.46,5892.86,10064.52,5532.26,0.0,193.55,6532.26,0.0,8131.02,5322.58,0.9,0.9,0.9,0.9,0.9,1.0,0.8,0.9,312000.0,171500.0,0.0,6000.0,202500.0,0.0,252061.56,165000.0,10.0,11.0,3.0,2.0,19.0,1.0,19.0,10.0
2024-08-01,100.0,90.3,96.8,93.5,90.3,96.8,96.7,87.1,4606.45,4635.71,2666.67,5931.03,6790.18,1600.0,9077.9,5413.03,4606.45,4187.1,2580.65,5548.39,6133.06,1548.39,8775.3,4714.57,1.0,0.9,1.0,0.9,0.9,1.0,0.9,0.9,142800.0,129800.0,80000.0,172000.0,190125.0,48000.0,263259.0,146151.73,5.0,13.0,9.0,12.0,17.0,3.0,18.0,8.0
2024-09-01,58.6,50.0,63.3,43.3,53.3,46.7,55.2,70.0,6564.71,5100.0,5500.0,5000.0,4500.0,4535.71,7562.5,4141.89,3848.28,2550.0,3483.33,2166.67,2400.0,2116.67,4172.41,2899.32,0.6,0.5,0.6,0.4,0.5,0.5,0.5,0.7,111600.0,76500.0,104500.0,65000.0,72000.0,63500.0,121000.0,86979.73,9.0,11.0,7.0,5.0,5.0,3.0,15.0,6.0
