,load_percent,load_percent,load_percent,load_percent,room_coast_mean,room_coast_mean,room_coast_mean,room_coast_mean,room_profit_mean,room_profit_mean,room_profit_mean,room_profit_mean,rooms_per_day,rooms_per_day,rooms_per_day,rooms_per_day,profit,profit,profit,profit,guests,guests,guests,guests
Показатель,2_rooms,3_rooms,1_room,P2_rooms,2_rooms,3_rooms,1_room,P2_rooms,2_rooms,3_rooms,1_room,P2_rooms,2_rooms,3_rooms,1_room,P2_rooms,2_rooms,3_rooms,1_room,P2_rooms,2_rooms,3_rooms,1_room,P2_rooms
2019-06-01,56.7,33.3,36.7,0.0,2694.12,3090.0,2200.0,0.0,1526.67,1030.0,806.67,0.0,0.6,0.3,0.4,0.0,45800.0,30900.0,24200.0,0.0,11.0,13.0,7.0,0.0
2019-07-01,67.7,54.8,25.8,0.0,2417.14,3400.0,1887.5,0.0,1637.42,1864.52,487.1,0.0,0.7,0.5,0.3,0.0,50760.0,57800.0,15100.0,0.0,27.0,53.0,10.0,0.0
2019-08-01,93.5,67.7,80.6,0.0,2157.24,2933.33,1736.0,0.0,2018.06,1987.1,1400.0,0.0,0.9,0.7,0.8,0.0,62560.0,61600.0,43400.0,0.0,44.0,48.0,23.0,0.0
2019-09-01,53.3,26.7,46.7,0.0,2195.0,2950.0,1700.0,0.0,117067.0,786.67,793.33,0.0,0.5,0.3,0.5,0.0,35120.0,23600.0,23800.0,0.0,33.0,24.0,18.0,0.0
2019-10-01,29.0,32.3,48.4,0.0,2151.11,3010.0,1740.0,0.0,624.52,970.97,841.94,0.0,0.3,0.3,0.5,0.0,19360.0,30100.0,26100.0,0.0,20.0,26.0,14.0,0.0
2019-11-01,26.7,20.0,40.0,0.0,2040.0,3233.33,1700.0,0.0,544.0,646.67,680.0,0.0,0.3,0.2,0.4,0.0,16320.0,19400.0,20400.0,0.0,13.0,23.0,12.0,0.0
2019-12-01,25.8,0.0,25.8,3.2,2135.0,0.0,1700.0,3500.0,550.97,0.0,438.71,112.9,0.3,0.0,0.3,0.0,17080.0,0.0,13600.0,3500.0,9.0,0.0,10.0,3.0
2020-01-01,22.6,19.4,25.8,19.4,2991.43,5183.33,2812.5,5000.0,675.48,1003.23,725.81,967.74,0.2,0.2,0.3,0.2,20940.0,31100.0,22500.0,30000.0,16.0,14.0,15.0,12.0
2020-02-01,6.9,6.9,10.3,6.9,2323.2,3075.0,1700.0,2200.0,160.22,212.07,175.86,151.72,0.1,0.1,0.1,0.1,4646.4,6150.0,5100.0,4400.0,4.0,7.0,2.0,5.0
2020-03-01,25.8,12.9,41.9,12.9,2265.6,2125.0,1683.46,2464.0,584.67,274.19,705.97,317.94,0.3,0.1,0.4,0.1,18124.8,8500.0,21885.0,9856.0,17.0,4.0,14.0,7.0
2020-04-01,0.0,0.0,0.0,0.0,0.0,0.0,0.0,0.0,0.0,0.0,0.0,0.0,0.0,0.0,0.0,0.0,0.0,0.0,0.0,0.0,0.0,0.0,0.0,0.0
2020-05-01,0.0,0.0,0.0,0.0,0.0,0.0,0.0,0.0,0.0,0.0,0.0,0.0,0.0,0.0,0.0,0.0,0.0,0.0,0.0,0.0,0.0,0.0,0.0,0.0
2020-06-01,3.3,13.3,16.7,30.0,2808.0,3945.0,2125.0,2700.0,93.6,526.0,354.17,810.0,0.0,0.1,0.2,0.3,2808.0,15780.0,10625.0,24300.0,3.0,9.0,4.0,4.0
2020-07-01,54.8,25.8,51.6,38.7,2615.7,4337.5,2320.31,2871.0,1434.41,1119.35,1197.58,1111.35,0.5,0.3,0.5,0.4,44466.84,34700.0,37125.0,34452.0,51.0,22.0,17.0,21.0
2020-08-01,51.6,51.6,41.9,61.3,2673.11,4293.75,2451.92,2785.26,1379.67,2216.13,1028.23,1707.1,0.5,0.5,0.4,0.6,42769.72,68700.0,31875.0,52920.0,41.0,56.0,16.0,24.0
2020-09-01,20.0,0.0,0.0,0.0,2359.37,0.0,0.0,0.0,471.87,0.0,0.0,0.0,0.2,0.0,0.0,0.0,14156.23,0.0,0.0,0.0,10.0,0.0,0.0,0.0
2020-10-01,16.1,3.2,3.2,12.9,2273.6,3825.0,2125.0,2906.0,366.71,123.39,68.55,374.97,0.2,0.0,0.0,0.1,11367.99,3825.0,2125.0,11624.0,9.0,4.0,2.0,9.0
2020-11-01,3.3,0.0,6.7,0.0,2262.71,0.0,2500.0,0.0,75.42,0.0,166.67,0.0,0.0,0.0,0.1,0.0,2262.71,0.0,5000.0,0.0,3.0,0.0,3.0,0.0
2020-12-01,6.5,0.0,0.0,0.0,2254.5,0.0,0.0,2808.0,145.45,0.0,0.0,271.74,0.1,0.0,0.0,0.1,4509.0,0.0,0.0,8424.0,4.0,0.0,0.0,3.0
2021-01-01,29.0,16.1,16.1,16.1,2920.36,3485.0,2275.0,3440.0,847.85,562.1,366.94,554.84,0.3,0.2,0.2,0.2,26283.2,17425.0,11375.0,17200.0,18.0,7.0,7.0,11.0
2021-02-01,10.7,21.4,39.3,7.1,1845.33,1345.83,1268.18,2400.0,197.71,288.39,498.21,171.43,0.1,0.2,0.4,0.1,5536.0,8075.0,13950.0,4800.0,6.0,9.0,6.0,4.0
2021-03-01,25.8,22.6,48.4,19.4,2084.0,1775.0,1212.0,2173.33,537.81,400.81,586.45,420.65,0.3,0.2,0.5,0.2,16672.0,12425.0,18180.0,13040.0,15.0,11.0,17.0,10.0
2021-04-01,16.7,36.7,36.7,6.7,2627.28,3500.0,2175.57,3120.0,437.88,1283.33,797.71,208.0,0.2,0.4,0.4,0.1,13136.4,38500.0,23931.25,6240.0,14.0,2.0,8.0,2.0
2021-05-01,32.3,29.0,38.7,32.3,3043.44,3550.0,2250.0,3348.0,981.75,1030.65,870.97,1080.0,0.3,0.3,0.4,0.3,30434.4,31950.0,27000.0,33480.0,15.0,12.0,14.0,29.0
2021-06-01,36.7,23.3,16.7,10.0,2691.93,4360.71,2200.0,3240.0,987.04,1017.5,366.67,324.0,0.4,0.2,0.2,0.1,29611.2,30525.0,11000.0,9720.0,13.0,26.0,6.0,9.0
2021-07-01,58.1,35.5,58.1,38.7,2548.18,3797.73,2243.06,3050.0,1479.59,1347.58,1302.42,1180.65,0.6,0.4,0.6,0.4,45867.2,41775.0,40375.0,36600.0,17.0,26.0,21.0,15.0
2021-08-01,51.6,38.7,48.4,32.3,2641.3,3868.75,2166.67,3326.0,1363.25,1497.58,1048.39,1072.9,0.5,0.4,0.5,0.3,42260.8,46425.0,32500.0,33260.0,28.0,21.0,20.0,21.0
2021-09-01,23.3,16.7,10.0,13.3,2582.23,4230.0,2291.67,3330.0,602.52,705.0,229.17,444.0,0.2,0.2,0.1,0.1,18075.6,21150.0,6875.0,13320.0,8.0,14.0,6.0,13.0
2021-10-01,77.4,9.7,19.4,25.8,2506.82,3400.0,2312.5,3605.0,1940.76,329.03,447.58,930.32,0.8,0.1,0.2,0.3,60163.6,10200.0,13875.0,28840.0,22.0,6.0,7.0,17.0
2021-11-01,13.3,6.7,23.3,10.0,2580.2,4237.5,1965.0,3080.0,344.03,282.5,458.5,308.0,0.1,0.1,0.2,0.1,10320.8,8475.0,13755.0,9240.0,8.0,8.0,10.0,11.0
2021-12-01,0.0,0.0,38.7,3.2,0.0,0.0,1354.33,2673.0,0.0,0.0,524.26,86.23,0.0,0.0,0.4,0.0,0.0,0.0,16252.0,2673.0,0.0,0.0,7.0,3.0
2022-01-01,19.4,12.9,16.1,25.8,3910.4,6598.13,3082.1,3885.93,756.85,851.37,497.11,1002.82,0.2,0.1,0.2,0.3,23462.4,26392.5,15410.5,31087.45,3.0,12.0,4.0,13.0
2022-02-01,14.3,14.3,42.9,21.4,1494.0,2692.5,1427.29,1479.0,213.43,384.64,611.7,316.93,0.1,0.1,0.4,0.2,5976.0,10770.0,17127.5,8874.0,6.0,9.0,13.0,13.0
2022-03-01,25.8,3.2,45.2,9.7,1923.75,2835.0,1342.14,1640.7,496.45,91.45,606.13,158.78,0.3,0.0,0.5,0.1,15390.0,2835.0,18790.0,4922.1,8.0,5.0,5.0,7.0
2022-04-01,13.3,3.3,16.7,3.3,2250.0,5200.0,2260.0,2500.0,300.0,173.33,376.67,83.33,0.1,0.0,0.2,0.0,9000.0,5200.0,11300.0,2500.0,4.0,6.0,6.0,1.0
2022-05-01,16.1,25.8,38.7,19.4,2660.0,3987.5,2363.33,3416.67,429.03,1029.03,914.84,661.29,0.2,0.3,0.4,0.2,13300.0,31900.0,28360.0,20500.0,3.0,21.0,17.0,19.0
2022-06-01,41.0,27.9,65.6,27.9,2527.2,4424.12,2000.86,2270.59,1035.74,1232.95,1312.04,632.79,0.4,0.3,0.7,0.3,63180.0,75210.0,80034.4,38600.0,40.0,63.0,55.0,23.0
2022-07-01,64.5,35.5,87.1,64.5,2464.0,4182.73,2004.61,2446.5,1589.68,1484.19,1745.95,1578.39,0.6,0.4,0.9,0.6,49280.0,46010.0,54124.4,48930.0,28.0,45.0,46.0,25.0
2022-08-01,13.3,3.3,16.7,3.3,2250.0,5200.0,2260.0,2500.0,300.0,173.33,376.67,83.33,0.1,0.0,0.2,0.0,9000.0,5200.0,11300.0,2500.0,4.0,6.0,6.0,1.0
2022-09-01,13.3,3.3,16.7,3.3,2250.0,5200.0,2260.0,2500.0,300.0,173.33,376.67,83.33,0.1,0.0,0.2,0.0,9000.0,5200.0,11300.0,2500.0,4.0,6.0,6.0,1.0
2022-10-01,32.3,12.9,45.2,29.0,2461.0,4400.0,2264.29,1958.89,793.87,567.74,1022.58,568.71,0.3,0.1,0.5,0.3,24610.0,17600.0,31700.0,17630.0,6.0,13.0,25.0,10.0
2022-11-01,16.7,0.0,23.3,23.3,2386.0,0.0,2221.43,2554.29,397.67,0.0,518.33,596.0,0.2,0.0,0.2,0.2,11930.0,0.0,15550.0,17880.0,8.0,0.0,10.0,14.0
2022-12-01,6.5,0.0,29.0,48.4,2482.5,0.0,2018.0,2308.67,160.16,0.0,585.87,1117.1,0.1,0.0,0.3,0.5,4965.0,0.0,18162.0,34630.0,7.0,0.0,9.0,9.0
2023-01-01,19.4,16.1,29.0,12.9,4455.83,5000.0,3277.78,2762.5,862.42,806.45,951.61,356.45,0.2,0.2,0.3,0.1,26735.0,25000.0,29500.0,11050.0,10.0,4.0,6.0,1.0
2023-02-01,32.1,17.9,32.1,21.4,2507.78,2888.0,2233.33,2486.67,806.07,515.71,717.86,532.86,0.3,0.2,0.3,0.2,22570.0,14440.0,20100.0,14920.0,10.0,9.0,6.0,9.0
2023-03-01,33.3,90.0,33.3,6.7,2335.52,3300.0,2120.0,2000.0,778.51,2970.0,706.67,133.33,0.3,0.9,0.3,0.1,23355.2,89100.0,21200.0,4000.0,7.0,6.0,5.0,1.0
